4 x 9
4 7 4 6 4 2 1 5 2 8 3 0 9 4 3 0 7 0 8 7 1 7 2 2 1 9 8 4 3 4 2 6 7 0 9 4
3 8 6 3 7 9 8 3 3 7 8 4 8 6 2 8 2 7 2 7 1 9 9 3 5 1 5 5 2 6 7 1 5 1 2 9
7 x 7
8 4 4 0 2 0 8 7 5 5 1 5 8 8 2 1 2 2 0 7 5 4 9 8 5 7 8 3 1 0 5 9 8 8 1 3 8 0 2 2 4 3 4 9 6 7 3 1 3
1 1 8 8 7 9 3 4 4 9 1 4 3 7 4 6 9 5 2 5 6 3 1 8 9 1 8 1 8 3 9 7 2 7 1 9 4 9 1 2 6 1 7 4 6 5 8 4 3
5 x 10
2 4 1 5 5 0 6 2 0 0 8 8 9 9 0 3 7 3 4 4 3 4 4 4 7 7 5 9 4 5 5 0 8 3 8 6 5 1 9 7 3 0 0 7 7 4 2 3 1 3
6 5 7 1 4 8 4 2 2 6 3 3 3 7 2 5 8 1 9 2 4 1 8 2 9 8 3 1 5 5 9 9 8 3 6 2 8 4 2 4 6 5 8 8 5 1 5 1 3 5
8 x 5
2 8 5 7 3 4 8 8 4 5 8 1 3 5 5 8 2 9 8 7 5 4 8 1 4 8 3 4 2 8 2 2 6 0 0 5 9 6 0 9
4 1 7 4 2 2 6 5 4 1 5 1 5 4 5 3 4 2 3 7 8 3 4 9 8 2 4 7 9 9 3 9 8 2 9 5 6 3 2 5